time,x,y,z,phi,theta,psi,x_velocity,y_velocity,z_velocity,phi_velocity,theta_velocity,psi_velocity,rotor_speed1,rotor_speed2,rotor_speed3,rotor_speed4
0.06,-9.319281071768035e-08,-9.494735541409162e-08,10.004280777094753,6.282938892491231,6.282747740995283,0.0,1.311631847071463e-05,-1.475789957711649e-05,0.1426846690065215,-0.013940753594769702,-0.028781644360700305,0.0,451.0268807244161,448.6968269549401,451.17861429958157,450.0519518815289
0.12000000000000001,1.685750619918941e-05,-9.141644359301082e-06,10.017710040049986,6.282721406209173,6.281649405760584,0.0,0.0007028144269392413,-0.0003393669813600956,0.30492722221994784,0.011580217781071383,-0.0029259338090055504,0.0,455.06776088543546,457.13236730448057,455.3951285660783,457.43167345435756
0.18,9.169011476249506e-05,-3.612440214824024e-05,10.039125037481492,0.0005462460272012137,6.28134196067273,0.0,0.0018159121910189305,-0.00047088684644271004,0.4088739011153878,0.025687860882680637,-0.009929323093362672,0.0,438.6688899364134,438.08713165338645,437.566115987577,438.7387230101394
0.23999999999999996,0.00025272762111405955,-4.1787646951667326e-05,10.072650438502205,0.0015699496912784383,6.280372682107021,0.0,0.0036488178572015085,0.000466365892409643,0.7085019116587349,-0.012071588910894097,-0.03306483121503664,0.0,496.90097716902574,495.2023938590483,498.1985168107299,495.43037279390086
0.3,0.0005421357551771019,1.8284903147490364e-05,10.1196353777979,0.0003378144711243536,6.278170287477263,0.0,0.006225166978005417,0.0014411410853152615,0.8575616709187389,-0.04854886809155089,-0.04521922287903323,0.0,453.4996666317252,452.5218368919638,453.9241969931794,450.98768466465475
0.36000000000000004,0.0010509928804810404,0.00010136730504163206,10.177951856483585,6.281509842297641,6.275122134333932,0.0,0.011080261192989984,0.0010424349038495506,1.0861297262599172,-0.013694932283567468,-0.06533702045540962,0.0,477.5383986470511,475.9999595016985,475.3337199229916,477.9962875227846
0.4200000000000001,0.0018925303231533922,0.00012741410205072408,10.24556856041511,6.280936177834974,6.271204669085638,0.0,0.01735930229262376,-0.0002422523868349273,1.1676764963223303,-0.002363376539716492,-0.06519942456042202,0.0,431.73601484113453,431.7443377719555,432.2097434142004,433.1637198527795
0.48000000000000015,0.003193730562593771,6.660868172631228e-05,10.31840186080251,6.281013863683961,6.267200016369529,0.0,0.02641184412456152,-0.0017867347765307398,1.2599972243300586,0.007757883065217617,-0.07002632086826435,0.0,436.51789520896017,436.11152901068266,434.9646313619154,435.81131788838485
0.5400000000000001,0.00514783130894162,-8.615001524952012e-05,10.39839228036327,6.2818338542449546,6.263225089290927,0.0,0.03916594715646139,-0.0032326828122105555,1.4061737453653644,0.023435341553065654,-0.05960263027983007,0.0,452.5954502000046,453.4303153547666,452.2026373748864,453.4635292168587
0.6000000000000002,0.007955746722853029,-0.00030425523048580624,10.487329304816841,0.00016613940893783763,6.25999848234742,0.0,0.05479808356872417,-0.0038766616445909123,1.5581907170177969,0.028771206535577652,-0.04412534511926364,0.0,454.8352352829145,456.071061052244,454.5217095833277,454.9491951341472
0.6600000000000003,0.011708398837556849,-0.000527337346092136,10.582832192183899,0.0018385279966963708,6.258119625112499,0.0,0.0705001954971018,-0.0033943882401017353,1.625140110438334,0.02601395345823071,-0.01350823451254728,0.0,427.3762429944565,429.97712623248026,428.9761832243854,428.74223558514336
0.7200000000000003,0.016437630477708774,-0.0006884020370403928,10.682480493464093,0.0038266741283718986,6.25688287888633,0.0,0.08723184769130801,-0.0017984470267880222,1.6963632970347742,0.04452231365727491,-0.041216804359354625,0.0,431.0750705022092,428.7273029155708,430.0508494074216,431.6160511199149
0.7800000000000004,0.022215737759759498,-0.0007085480097343332,10.786935177817915,0.0062959836572318295,6.254248346637617,0.0,0.10562354261647626,0.001385278562007956,1.785315559181844,0.03339016572927929,-0.04992288117638284,0.0,436.1960660990946,435.4673146403717,437.2355577599894,436.3081186052871
0.8400000000000004,0.02920399127616964,-0.0004783511712865735,10.898464175013162,0.008244715139858805,6.251309963252375,0.0,0.12763399933114483,0.006501574644575951,1.9320686642623595,0.03059132852996881,-0.04713864314319769,0.0,455.15469008097585,455.37602284518823,454.19325965312794,453.9691228426553
0.9000000000000005,0.03755513708307862,9.556188266254947e-05,11.018117943495971,0.010291056882634209,6.248288875905972,0.0,0.15103786359457946,0.012832612699959351,2.0561615560719972,0.04034094847090444,-0.05770494435323166,0.0,448.63433115279577,447.77401547579916,447.8398463747936,448.6325822238385
0.9600000000000005,0.04746399948389957,0.0011213970656094201,11.147658671728326,0.012681030502212032,6.245116579132208,0.0,0.17963170683820084,0.02164037400102208,2.2614599540154465,0.03879719020180128,-0.044632355700973125,0.0,473.0170724556273,474.0209662016331,473.05046685704656,472.93228640187164
1.0200000000000005,0.05921539690687367,0.0027510325985810676,11.290927548289595,0.015228507486368947,6.242462521648324,0.0,0.21239260395242673,0.032978278617545924,2.513629435069,0.04892314183705098,-0.043450044629055724,0.0,488.33789956882794,488.42516166813795,486.5826213362071,487.3408502397705
1.0800000000000005,0.07272193285852407,0.005021854264851317,11.442602277033131,0.01826968374362714,6.239759717373731,0.0,0.23806424101273566,0.04298792478602728,2.5421139645178887,0.053996788750907104,-0.048447175372662556,0.0,419.9006077695415,419.4655724831156,420.31571202106676,420.7569713885018
1.1400000000000006,0.08793647579068155,0.008000478372980622,11.598637610502008,0.021312203129479457,6.236536274744466,0.0,0.2693915284363729,0.05662330213796636,2.6587745478209888,0.043155521698450626,-0.06720497398040415,0.0,449.2948714807693,447.7695196698638,449.1205259522041,448.24196881526075
1.2000000000000006,0.10487347829309494,0.011754063235975774,11.756846703273723,0.02395924017219997,6.233268530979968,0.0,0.2954671455880866,0.0687093903223812,2.61494031171679,0.04597403120672751,-0.03672681775123577,0.0,394.62191120104825,397.4226084869846,396.33511831678,396.5954404688319
1.2600000000000007,0.12362910035489129,0.01637631470178797,11.916505484220984,0.0265147968839079,6.2311469952517236,0.0,0.32992543777639904,0.08562880484432796,2.706782170178802,0.03478943150040669,-0.032755191459167055,0.0,440.13599547246974,440.46401051841383,442.7289888782405,441.8087874460581
1.3200000000000007,0.1446150958306902,0.022126792913119864,12.083977277242559,0.029457171320417253,6.229412646861302,0.0,0.36979026697935263,0.10633454153018539,2.875176025114714,0.06821968643982892,-0.022146134961940876,0.0,464.77575798561094,465.6062685693119,464.22084115646544,466.8378779327923
1.3800000000000008,0.1679378857871408,0.029142515392163202,12.259854861019699,0.0337631064674877,6.227678492272329,0.0,0.4077708650318174,0.12795015325623552,2.987094070928491,0.07804873499084938,-0.047969325518441505,0.0,449.8726900111127,447.7765042608971,448.81990523693014,449.62081313497794
1.4400000000000008,0.1935805652521443,0.03754702804131288,12.442425397689584,0.038316946471318225,6.224858910358815,0.0,0.447260870531233,0.15266799160705638,3.098251231697915,0.07120712145173362,-0.04510923317692155,0.0,449.7220507855865,449.9523613356647,449.3805283012774,448.8300614917139
1.5000000000000009,0.22169790712990034,0.04756068723391712,12.632458146420705,0.043194590488592866,6.22212838493712,0.0,0.490250381270822,0.18160194382887385,3.235744083826837,0.09623693985909593,-0.046319765692889696,0.0,458.1502794834336,458.0528817795947,457.4999726729504,459.49348889725394
1.560000000000001,0.2520430315686349,0.05912706183020639,12.824079498645554,0.0486373480076141,6.219703946368828,0.0,0.5214576072475949,0.20437515351870414,3.1518287746583735,0.0763914071457145,-0.0306353508037754,0.0,385.085104226448,386.56480202691426,386.86168859715417,384.9964974215938
1.620000000000001,0.2845359154937335,0.0723264409088772,13.014442214170353,0.05360051623282924,6.218177049762083,0.0,0.5617817377603426,0.23604465405185995,3.193433155012499,0.09305462712915749,-0.016694906252391388,0.0,428.0250074032356,429.20961862483443,427.8157648506328,429.2379992602254
1.680000000000001,0.3195686315028677,0.087603476696898,13.20876961136903,0.05922026065081454,6.218142056072727,0.0,0.6059930835051746,0.2737377546420799,3.283841025367132,0.09485021056959002,0.020260220832602326,0.0,443.56635949661097,446.5909886174375,443.99533759278495,444.1500634731616
1.740000000000001,0.35718693688304515,0.10520151514309138,13.40759698217934,0.0649204154135834,6.21923106551816,0.0,0.6478202172010255,0.3133989104697478,3.343523540227198,0.09530536151759743,0.013555756572858488,0.0,436.0566852038693,435.49618089344295,435.08601615576174,435.1320057544261
1.8000000000000012,0.39726129214412675,0.12525681786865886,13.609495600834906,0.07059023459994762,6.219613434846664,0.0,0.6879132207290264,0.3556337098709172,3.386255997051463,0.09283043263575239,-0.014600070775618784,0.0,431.7612214959407,429.3790698923051,430.39165357797356,430.19002397274863
1.8600000000000012,0.43961074836488023,0.14781085484893577,13.811958281653355,0.07691899827851323,6.219108254377144,0.0,0.7237880318701861,0.39667426611952183,3.362512141517443,0.12311672418682675,0.0017212944014199129,0.0,407.8856756207818,409.3408548981318,407.27222950824086,409.9825361993546
1.9200000000000013,0.4843908957832576,0.17327379271707652,14.017253896343183,0.0843181268371831,6.219755008134417,0.0,0.768807338603789,0.4528329534513848,3.4802387034454147,0.12371954754975117,0.02455170755114544,0.0,453.543047238013,455.37298236033945,454.69833991404226,454.7600400670466
1.9800000000000013,0.5318250198374606,0.20222785998037415,14.229190316815803,0.09186638556166393,6.2218979890906745,0.0,0.8121060232075464,0.5130399702348338,3.5839074007369622,0.1296742735938741,0.05183757015363455,0.0,450.41383464038233,452.6157604653119,450.5348716979931,451.0302219912031
2.0400000000000014,0.5819393057092057,0.23515843526456753,14.44953933308938,0.09945104213949563,6.2250953234637585,0.0,0.8579634051833206,0.5854612478744576,3.760401860262971,0.11892956651731668,0.056043132139014476,0.0,474.37539870394073,474.6999079493819,474.0617385308717,473.24878838022556
2.1000000000000014,0.6348051806902549,0.2727416857660638,14.681810681196367,0.10634240482077129,6.228830076407471,0.0,0.9037449386458671,0.6680764298076154,3.981132841476244,0.10513072641325946,0.07241329880978513,0.0,486.37962561395005,487.60652586710216,490.18942715783356,489.1732464240232
2.1600000000000015,0.6900836328461687,0.3149725034718158,14.922931043475037,0.112436713477722,6.233383699407629,0.0,0.9384002309641782,0.7401948530937867,4.055876761572504,0.09329249776401853,0.08207319754310657,0.0,445.1137481446515,445.9081374531533,447.11867375493705,446.16191447805704
2.2200000000000015,0.7472163055992249,0.36135023959044577,15.165907692756981,0.11788188297482183,6.237875391049204,0.0,0.9655987649752519,0.8062008020039235,4.043331315019769,0.08512093774709228,0.05377590685571677,0.0,419.8446495084595,417.38655816415525,418.4524863653401,417.74791534238733
2.2800000000000016,0.805983359126312,0.41198669961560547,15.40985392910016,0.12257098781033093,6.241263598226389,0.0,0.9929690461255433,0.8821180985723489,4.087974772258821,0.05817174451039909,0.0613752228128406,0.0,436.885074567965,437.5205100975454,438.39490914322323,436.1544660162089
2.3400000000000016,0.8663790120806001,0.4674267342454511,15.657815596515208,0.12579373097913749,6.245452869447631,0.0,1.019789288500676,0.9661702091051224,4.1770297599716955,0.04283823116500845,0.08285932427259164,0.0,449.8988235217253,451.63862047433935,453.4525835560375,452.2208375130976
2.4000000000000017,0.9282144312042752,0.527709161096899,15.909056266260771,0.12857913627870676,6.25041829199934,0.0,1.040920995680659,1.0434639489002246,4.1975420530755585,0.052769729950970685,0.0825518236855248,0.0,430.04441930291125,430.02419158535565,430.95545651243816,431.79552518726575
2.4600000000000017,0.9911872860715487,0.5925344413820121,16.160401785114214,0.13122816192180853,6.255423077153148,0.0,1.0577357606879725,1.1176285556031278,4.180659151901362,0.01508252286231648,0.08508119329572733,0.0,418.1262737818037,418.352745679501,420.5025940445801,417.22579497677
2.520000000000002,1.055145764350083,0.662170459408315,16.41319554835612,0.13196209672382153,6.260593962668324,0.0,1.0736906266294934,1.2036010489945883,4.245533971385214,0.005816242464467984,0.08829440472851646,0.0,444.803564972208,445.0727656898393,445.83100525530415,445.073067316831
2.580000000000002,1.1199907495148491,0.7371910680232828,16.671517745253034,0.13191659888519158,6.266406463565946,0.0,1.0871927171206603,1.2970247933270043,4.364734944441511,-0.01906888528887886,0.11007278178233351,0.0,462.5504948747527,464.2699597535607,462.82829493950413,460.86540275146444
2.640000000000002,1.185489326761883,0.817600100158633,16.9354362442203,0.1311846107998802,6.272881872601104,0.0,1.0954321181757207,1.3831280689724053,4.432291456410318,-0.0011404703497166248,0.1032397520271036,0.0,448.3932634292819,447.8478752765545,446.29651757054336,447.7576966722327
2.700000000000002,1.2513642043091988,0.903331224144263,17.204711933173186,0.1310752085621436,6.278868382936315,0.0,1.0997420139702032,1.4744815126038517,4.543110201545853,-0.0032255107964335203,0.0917524050877809,0.0,461.8269260402373,460.92799915130365,461.8278657850286,461.66340045413693
2.760000000000002,1.3173547038995803,0.9938933780635562,17.475765411107673,0.13071637240929057,0.0011220663268201037,0.0,1.0994908394832805,1.5442335803045486,4.492205366834056,-0.012155530300807812,0.08834987257512347,0.0,410.50659067778736,410.2121399866766,410.4137198568054,409.6203355644056
2.820000000000002,1.3832340638381206,1.0889958921798852,17.746567032186206,0.13043270471310997,0.006553920006179048,0.0,1.0959725269242344,1.6257509950880373,4.534335854837339,0.007053362779732879,0.09456779527366163,0.0,440.8963788165458,441.4167778000388,439.26370109069626,440.85401745833343
2.880000000000002,1.4487883643968475,1.1891005150416893,18.02079852291964,0.13140596471568777,0.012429344567522982,0.0,1.0885932382934862,1.7110704296858057,4.606386698658056,0.030121297794410702,0.10390437401573682,0.0,450.13654164168355,450.899581783826,449.52552340739356,451.3910879319365
2.940000000000002,1.5137531532438,1.2945871104134585,18.301192503220484,0.1339194052331001,0.018857012591086075,0.0,1.076215202873991,1.8052796781312577,4.739455443451949,0.05864469966117401,0.11289580756087303,0.0,469.3357989880601,470.04256648374405,469.03035764539845,471.2413978341583
3.000000000000002,1.5778766912064632,1.4054751983627027,18.587305835233412,0.13708370007048298,0.0254441006337478,0.0,1.0605864934979166,1.8912453775660103,4.797320859040717,0.037041399362692136,0.10270300320570067,0.0,448.7026913756682,447.8848251761714,448.7602583133041,447.00471574335313
3.0600000000000023,1.6410850052589736,1.5207934870165782,18.87125782196947,0.13943098354806605,0.031302691910972236,0.0,1.0459220891200263,1.95289166445478,4.668243969919284,0.04298586315723322,0.08488800011982094,0.0,386.87184500605423,385.2000714195643,384.4884315661003,385.05232502715285
3.1200000000000023,1.703074669438778,1.6409579528387404,19.15541165291748,0.14294452766990773,0.03658872399399993,0.0,1.0198562851024442,2.052804624912448,4.802867419073942,0.07892973220910672,0.09385190864910571,0.0,471.05109064022724,471.74977406512005,470.02314136977833,472.8028327299069
3.1800000000000024,1.7632505439783248,1.767694083460726,19.451084812622472,0.14753941689978678,0.04221782175956523,0.0,0.9853434606889745,2.1721074061166448,5.051632313739369,0.07141762976346434,0.09375103623131098,0.0,505.7617847525411,505.76080195628606,506.24434349894943,505.70730623331576
3.2400000000000024,1.8213866913741066,1.9010968791404925,19.757657550421523,0.15124612683548566,0.04840061439280152,0.0,0.9519254595170209,2.2749610976485406,5.166776640558182,0.022882560088828902,0.11708694991349876,0.0,468.1301111768534,469.9510631894907,471.89354757810094,468.13352287726775
3.3000000000000025,1.8773940079977327,2.040686149640755,20.070848422772745,0.15267959045532997,0.05558813047549993,0.0,0.9142696794232085,2.3780239134894563,5.2723239823539965,0.025835184777950035,0.12471241296126591,0.0,467.5520451883012,468.1579538379525,467.93347526796674,468.1633383331428
3.3600000000000025,1.9311009960306365,2.186177003381347,20.38840290494667,0.15412844545388538,0.06321725525531985,0.0,0.8752617001099033,2.4717194618825156,5.3125329966358725,0.02053906120201308,0.1316280746322193,0.0,448.67052635802594,449.2462713819433,449.1611482280941,448.73142307676767
3.4200000000000026,1.9822913974349474,2.337372705512639,20.70879593248612,0.1556307544000024,0.07096970252562951,0.0,0.8303492960519572,2.568160887400116,5.366862701502324,0.03278634833837052,0.12387012256865704,0.0,454.4983609552508,453.89090650529124,453.3474992709594,454.3307647459322
3.4800000000000026,2.0307932920735188,2.4940389915881913,21.03030474164929,0.15740153769647858,0.07791957652221271,0.0,0.7857559033888213,2.6541521330817686,5.3500620152831075,0.021997719571905477,0.09048660060882426,0.0,433.82174673241207,431.02078450135133,432.0101575027597,431.0996217700196
3.5400000000000027,2.0764562429327644,2.6559803314018144,21.35142125335081,0.1584691836680685,0.08337217601873714,0.0,0.7358746475446196,2.7439212612826,5.353692560309177,0.007678847582807468,0.0916450369553357,0.0,438.8321429275535,438.93534878398003,439.19231147821745,438.00281020007105
3.6000000000000028,2.1188134794506173,2.8237138554409156,21.675266453932874,0.15839049250065873,0.08934563810205542,0.0,0.6755002904986791,2.8470780323640152,5.440610705272662,-0.03325847944065821,0.11194007015257798,0.0,464.3601069472649,465.9575573174361,466.9537663025326,463.748751017082
3.660000000000003,2.15732222905626,2.9977843745091852,22.005416074572068,0.15605183906685216,0.0955758385626746,0.0,0.6074933352359211,2.9548544116504596,5.563700125858424,-0.053995759956146035,0.07811137361583685,0.0,478.80628210268236,476.23336012374995,477.7372108178957,476.1523937783303
3.720000000000003,2.1918419988859723,3.1779002497943303,22.340730178858657,0.15266699259281769,0.10139830941978811,0.0,0.5426900725110433,3.0485562192441287,5.613161070901124,-0.06174972711707162,0.12015201219918557,0.0,455.4017541769925,458.7598156015224,455.37936829509005,454.7564627588967
3.780000000000003,2.2225623008789284,3.363248410824252,22.677030465427023,0.14881928050237825,0.10868995803639514,0.0,0.4807003186415517,3.129305415934578,5.596913760399489,-0.06936727364062828,0.12414303656461258,0.0,435.01823928030984,435.366047485276,436.40628149477567,435.7667308353111
3.840000000000003,2.2494144680210284,3.553384933065929,23.012565505262664,0.14495066502775167,0.1160466017372217,0.0,0.4137364392385125,3.20813591294887,5.587615667540518,-0.05615516636443339,0.11935853644126836,0.0,438.145785315598,437.7615922608236,437.03094503009373,438.12783608541713
3.900000000000003,2.2719642270615905,3.7483590059664533,23.348871722809662,0.14173446253928645,0.12320606549383495,0.0,0.33729158442569723,3.2905637675535635,5.6223662839707504,-0.04893594536603498,0.11925609374045865,0.0,451.1948356933838,451.199144248247,452.2457307144508,452.82509771837573
3.960000000000003,2.2900629128439305,3.947897686071584,23.68513411652765,0.139177083730619,0.13071185541529928,0.0,0.26538423689505813,3.360424360620419,5.586503778606814,-0.032305167074868725,0.13476293965968184,0.0,428.68578090836047,430.01636256893164,428.9258344181726,430.33505731585007
4.020000000000002,2.3034158347924425,4.151886721501088,24.021515704300793,0.13683417694454736,0.13853276752469323,0.0,0.17901138745416723,3.438881521714924,5.625911530805239,-0.05805648659305179,0.11961937228153527,0.0,453.7719652409584,452.56952957619353,455.1066826506793,453.03956662181076
4.080000000000001,2.31151497443887,4.360444099374017,24.35975111954569,0.13345097061184852,0.14553085392440845,0.0,0.09035012895790029,3.5125917431250415,5.6484179308646985,-0.05324182687858798,0.1098814705444689,0.0,449.0682572904698,448.2894987402327,448.86848647702936,449.25697978014
4.14,2.315053347581559,4.572549873372504,24.69340918873786,0.12989672088101578,0.15213260005664075,0.0,0.027076026292673045,3.557407936452975,5.474364359409048,-0.07526342227488617,0.11032248121203818,0.0,381.69801694740386,381.75298687713547,382.4671635814798,380.3601259896678
4.199999999999998,2.313575692021947,4.788225837565324,25.0239396378375,0.12526578983404502,0.1588655236629064,0.0,-0.07690852875113964,3.6311813592146485,5.542912238524465,-0.08132333973750383,0.1157522618664866,0.0,460.8684561408193,461.30815897318894,463.1164225211215,462.6349615706074
4.259999999999997,2.3069185432200414,5.00729740957128,25.35126184622287,0.12014078877480294,0.16582224531018586,0.0,-0.14554973008427402,3.670892825171084,5.368679751400551,-0.09520228718057515,0.11632842767953228,0.0,380.33199024657034,380.40168633086864,381.0242994194288,379.6872968287327
4.319999999999996,2.2944446821081437,5.22980198832016,25.67763426996583,0.11524335543834674,0.17270790989636708,0.0,-0.2708561925462855,3.7451551682482567,5.509621703608207,-0.06307983920704939,0.1114293822687139,0.0,482.5093451891602,482.1499018186054,482.6068370090814,485.0204633507343
4.379999999999995,2.2743231197946066,5.456628587190726,26.012352913849174,0.11245767941435503,0.179240656223838,0.0,-0.40042319721742176,3.815199087018294,5.646825541497096,-0.02513278211334073,0.1032219574410126,0.0,484.0196440009233,483.4108291381665,482.00590856992045,484.8642072248374
4.439999999999993,2.2466518851470196,5.68736301685811,26.353315417349318,0.11125459411102767,0.18535046764993535,0.0,-0.5224512667151937,3.8756766312201254,5.718038506722771,-0.011449703659389288,0.0988928150759482,0.0,465.647136056474,465.3167503771927,464.73437710149307,465.80587665907666
4.499999999999992,2.211785342857206,5.921543962984258,26.697245956459614,0.11063415818783895,0.19195106761433056,0.0,-0.6402812830941327,3.9301834737034107,5.74596074725755,-0.008209853088858562,0.1260725212653685,0.0,452.0458413185687,454.2412432573179,452.7501146671384,453.01088740700095
4.559999999999991,2.1695294615827736,6.15907804806931,27.04382050468351,0.11065716903548939,0.19901147402691866,0.0,-0.768860930538387,3.987467887591107,5.805946184009077,0.013605334575312919,0.09013441705245817,0.0,465.66720802836534,462.85797105413985,462.594196743197,464.30920213964714
4.6199999999999894,2.11992406589022,6.399769618021998,27.391556347359078,0.11169844024364561,0.20401780537036096,0.0,-0.8850720792041075,4.0355895851151375,5.785114341977517,0.02395914570555628,0.0646437034605569,0.0,440.10746453603076,437.99763935332084,439.123416260296,439.9815870592749
4.679999999999988,2.062566680297423,6.6437320119216645,27.74138366790169,0.11300586186947825,0.20755162827685325,0.0,-1.0270631501284524,4.096487568410884,5.875037039076194,0.0170561243236474,0.0437831654971194,0.0,474.73248922704715,473.1309153256583,475.4529639583581,474.9236675944752
4.739999999999987,1.9976056830654958,6.89083527853765,28.09197468249555,0.11394323157744513,0.21015601983769727,0.0,-1.1385331176707456,4.140318380563461,5.811459538151281,0.012590168811311187,0.042642630961536324,0.0,426.8992148209164,426.8029926156072,427.2802233458352,426.89913824984467
4.799999999999986,1.924727514185444,7.141202464412327,28.444272627733852,0.11460870434366921,0.212394737597438,0.0,-1.2908039505002404,4.205161003306744,5.930896359486417,0.007910824601347021,0.023646268569437506,0.0,485.63382204751565,484.20705325123157,484.7014556323028,484.34945735618084
4.859999999999984,1.8437808489841643,7.394871205737156,28.79862064734039,0.11553392416660735,0.2137242657016225,0.0,-1.4075461993574085,4.250465437665999,5.880774705048823,0.027304576652658178,0.019004650498385997,0.0,433.6017587705609,433.21157774365537,432.1346181016588,433.76666655397514
4.919999999999983,1.7559399579044226,7.651193745985583,29.14935763205721,0.11739738876711936,0.2144551852622758,0.0,-1.520602999223867,4.293717168070068,5.810617951469066,0.037667841278188195,-0.007174617499150009,0.0,427.67430089583996,425.4380288674475,425.61601365933427,426.50263729234786
4.979999999999982,1.6608062507139425,7.910401227345048,29.498168030845935,0.11974570850589394,0.21437256257514647,0.0,-1.6504521509442533,4.3466513978038135,5.816126849337009,0.0419283218278603,0.008238985873977268,0.0,450.7251898673609,451.96948874946094,450.32148348416194,450.66680161131205
5.0399999999999805,1.558188544918845,8.172645695853909,29.845890882889577,0.12231087011188269,0.21460434044577248,0.0,-1.770183787458754,4.394982426345214,5.77461305319348,0.04435201942671169,-0.006765925847205908,0.0,436.92093332586467,435.66779748710076,435.9679126291937,436.17146398000506
